%YAML:1.0
aruco_bc_dict: ARUCO
aruco_bc_nmarkers: 4
aruco_bc_mInfoType: 0
aruco_bc_markers:
   - { id:439, corners:[ [ -220., -20., 0. ], [ -20., -20., 0. ], [ -20.,
       -220., 0. ], [ -220., -220., 0. ] ] }
   - { id:64, corners:[ [ 20., -20., 0. ], [ 220., -20., 0. ], [ 220.,
       -220., 0. ], [ 20., -220., 0. ] ] }
   - { id:341, corners:[ [ -220., 220., 0. ], [ -20., 220., 0. ], [ -20.,
       20., 0. ], [ -220., 20., 0. ] ] }
   - { id:363, corners:[ [ 20., 220., 0. ], [ 220., 220., 0. ], [ 220.,
       20., 0. ], [ 20., 20., 0. ] ] }
